2014-01-02T14:04:59.580,100.5010,25.8092,1,0
2014-01-02T14:29:59.570,100.5010,25.8092,1,0
2014-01-02T14:54:59.570,100.5010,25.8092,1,0
2014-01-02T15:19:59.570,100.5010,25.8092,1,0
2014-01-02T15:44:59.570,100.5010,25.8092,1,0
2014-01-02T16:09:59.570,100.5010,25.8092,1,0
2014-01-02T16:34:59.570,100.5010,25.8092,1,0
2014-01-02T16:59:59.570,100.5010,25.8092,1,0
2014-01-02T17:24:59.570,100.5010,25.8092,1,0
2014-01-02T17:49:59.570,100.5010,25.8092,1,0
2014-01-02T18:14:59.570,100.5010,25.8092,1,0
2014-01-02T18:39:59.570,100.5010,25.8092,1,0
2014-01-02T19:04:59.570,100.5010,25.8092,1,0
2014-01-02T19:29:59.570,100.5010,25.8092,1,0
2014-01-02T19:54:59.570,100.5010,25.8092,1,0
2014-01-02T20:19:59.570,100.5010,25.8092,1,0
2014-01-02T20:29:59.550,100.5010,25.8092,1,0
2014-01-02T20:34:59.550,100.5010,25.8092,1,0
2014-01-02T20:39:59.550,100.5010,25.8092,1,0
2014-01-02T20:44:59.550,100.5010,25.8092,1,0
2014-01-02T20:49:59.550,100.5010,25.8092,1,0
2014-01-02T20:54:59.550,100.5010,25.8092,1,0
2014-01-02T20:59:59.550,100.5010,25.8092,1,0
2014-01-02T21:19:59.550,100.5010,25.8092,1,0
2014-01-02T21:24:59.540,100.5010,25.8092,1,0
2014-01-02T21:29:59.540,100.5010,25.8092,1,0
2014-01-02T21:34:59.540,100.5010,25.8092,1,0
2014-01-02T21:39:59.540,100.5010,25.8092,1,0
2014-01-02T21:44:59.550,100.5010,25.8092,1,0
2014-01-02T21:49:59.540,100.5010,25.8092,1,0
2014-01-02T21:54:59.540,100.5010,25.8092,1,0
2014-01-02T21:59:59.540,100.5010,25.8092,1,0
2014-01-02T22:04:59.540,100.5010,25.8092,1,0
2014-01-09T13:59:59.570,100.5010,25.8092,1,0
2014-01-09T14:24:59.570,100.5010,25.8092,1,0
2014-01-09T14:49:59.570,100.5010,25.8092,1,0
2014-01-09T15:14:59.570,100.5010,25.8092,1,0
2014-01-09T15:39:59.570,100.5010,25.8092,1,0
2014-01-09T16:04:59.570,100.5010,25.8092,1,0
2014-01-09T16:29:59.570,100.5010,25.8092,1,0
2014-01-09T16:39:59.570,100.5010,25.8092,1,0
2014-01-09T16:49:59.570,100.5010,25.8092,1,0
2014-01-09T16:59:59.570,100.5010,25.8092,1,0
2014-01-09T17:09:59.570,100.5010,25.8092,1,0
2014-01-09T17:19:59.570,100.5010,25.8092,1,0
2014-01-09T17:29:59.570,100.5010,25.8092,1,0
2014-01-09T17:39:59.570,100.5010,25.8092,1,0
2014-01-09T17:49:59.570,100.5010,25.8092,1,0
2014-01-16T13:59:59.570,100.5010,25.8092,1,0
2014-01-16T14:24:59.580,100.5010,25.8092,1,0
2014-01-16T14:49:59.580,100.5010,25.8092,1,0
2014-01-16T15:14:59.580,100.5010,25.8092,1,0
2014-01-16T15:39:59.580,100.5010,25.8092,1,0
2014-01-16T16:04:59.580,100.5010,25.8092,1,0
2014-01-16T16:29:59.580,100.5010,25.8092,1,0
2014-01-16T16:54:59.580,100.5010,25.8092,1,0
2014-01-16T17:19:59.580,100.5010,25.8092,1,0
2014-01-16T17:44:59.580,100.5010,25.8092,1,0
2014-01-16T18:09:59.580,100.5010,25.8092,1,0
2014-01-16T18:34:59.580,100.5010,25.8092,1,0
2014-01-16T18:59:59.580,100.5010,25.8092,1,0
2014-01-16T19:24:59.580,100.5010,25.8092,1,0
2014-01-16T19:49:59.580,100.5010,25.8092,1,0
2014-01-16T20:14:59.580,100.5010,25.8092,1,0
2014-01-16T20:39:59.580,100.5010,25.8092,1,0
2014-01-16T21:04:59.580,100.5010,25.8092,1,0
2014-01-16T21:29:59.580,100.5010,25.8092,1,0
2014-01-16T21:54:59.580,100.5010,25.8092,1,0
2014-02-07T13:59:59.580,100.5010,25.8092,1,0
2014-02-07T14:24:59.570,100.5010,25.8092,1,0
2014-02-07T14:49:59.570,100.5010,25.8092,1,0
2014-02-07T15:14:59.570,100.5010,25.8092,1,0
2014-02-07T15:39:59.570,100.5010,25.8092,1,0
2014-02-07T16:04:59.570,100.5010,25.8092,1,0
2014-02-07T16:29:59.570,100.5010,25.8092,1,0
2014-02-07T16:54:59.570,100.5010,25.8092,1,0
2014-02-07T17:19:59.570,100.5010,25.8092,1,0
2014-02-07T17:44:59.570,100.5010,25.8092,1,0
2014-02-07T18:09:59.580,100.5010,25.8092,1,0
2014-02-07T18:34:59.580,100.5010,25.8092,1,0
2014-02-07T18:59:59.580,100.5010,25.8092,1,0
2014-02-07T19:24:59.570,100.5010,25.8092,1,0
2014-02-07T19:49:59.570,100.5010,25.8092,1,0
2014-02-07T20:14:59.580,100.5010,25.8092,1,0
2014-02-07T20:39:59.580,100.5010,25.8092,1,0
2014-02-07T21:04:59.570,100.5010,25.8092,1,0
2014-02-07T21:29:59.570,100.5010,25.8092,1,0
2014-02-07T21:54:59.570,100.5010,25.8092,1,0
2014-02-07T22:19:59.570,100.5010,25.8092,1,0
2014-02-13T14:00:59.580,100.5010,25.8092,1,0
2014-02-13T14:54:59.580,100.5010,25.8092,1,0
2014-02-13T15:29:59.580,100.5010,25.8092,1,0
2014-02-13T16:09:59.580,100.5010,25.8092,1,0
2014-02-13T16:39:59.580,100.5010,25.8092,1,0
2014-02-13T17:09:59.580,100.5010,25.8092,1,0
2014-02-13T17:39:59.580,100.5010,25.8092,1,0
2014-02-13T18:09:59.580,100.5010,25.8092,1,0
2014-02-13T18:39:59.580,100.5010,25.8092,1,0
2014-02-13T18:59:59.580,100.5010,25.8092,1,0
2014-02-20T14:29:59.570,100.5010,25.8092,1,0
2014-02-20T14:49:59.570,100.5010,25.8092,1,0
2014-02-20T15:19:59.570,100.5010,25.8092,1,0
2014-02-20T15:49:59.580,100.5010,25.8092,1,0
2014-02-20T16:19:59.580,100.5010,25.8092,1,0
2014-02-20T16:49:59.580,100.5010,25.8092,1,0
2014-02-20T17:19:59.580,100.5010,25.8092,1,0
2014-02-20T17:49:59.580,100.5010,25.8092,1,0
2014-02-20T18:19:59.580,100.5010,25.8092,1,0
2014-02-20T18:49:59.580,100.5010,25.8092,1,0
2014-02-20T19:19:59.580,100.5010,25.8092,1,0
2014-02-20T19:46:59.580,100.5010,25.8092,1,0
2014-02-20T20:16:59.580,100.5010,25.8092,1,0
2014-02-20T20:40:59.580,100.5010,25.8092,1,0
2014-02-20T21:10:59.580,100.5010,25.8092,1,0
2014-02-20T21:40:59.580,100.5010,25.8092,1,0
2014-02-28T13:59:59.580,100.5010,25.8092,1,0
2014-02-28T14:39:59.580,100.5010,25.8092,1,0
2014-02-28T15:09:59.570,100.5010,25.8092,1,0
2014-02-28T15:39:59.570,100.5010,25.8092,1,0
2014-02-28T16:09:59.580,100.5010,25.8092,1,0
2014-02-28T16:39:59.580,100.5010,25.8092,1,0
2014-02-28T17:09:59.580,100.5010,25.8092,1,0
2014-02-28T17:39:59.580,100.5010,25.8092,1,0
2014-02-28T18:09:59.580,100.5010,25.8092,1,0
2014-02-28T18:39:59.580,100.5010,25.8092,1,0
2014-02-28T19:09:59.580,100.5010,25.8092,1,0
2014-02-28T19:39:59.580,100.5010,25.8092,1,0
2014-02-28T20:09:59.580,100.5010,25.8092,1,0
2014-02-28T20:39:59.580,100.5010,25.8092,1,0
2014-03-05T13:59:59.580,100.5010,25.8092,1,0
2014-03-05T14:54:59.580,100.5010,25.8092,1,0
2014-03-05T15:19:59.580,100.5010,25.8092,1,0
2014-03-05T15:49:59.580,100.5010,25.8092,1,0
2014-03-05T16:19:59.580,100.5010,25.8092,1,0
2014-03-05T16:47:59.580,100.5010,25.8092,1,0
2014-03-05T17:11:59.580,100.5010,25.8092,1,0
2014-03-05T17:41:59.580,100.5010,25.8092,1,0
2014-03-05T18:11:59.580,100.5010,25.8092,1,0
2014-03-05T18:41:59.580,100.5010,25.8092,1,0
2014-03-05T19:11:59.580,100.5010,25.8092,1,0
2014-03-05T19:41:59.580,100.5010,25.8092,1,0
2014-03-05T20:11:59.580,100.5010,25.8092,1,0
2014-03-05T20:41:59.580,100.5010,25.8092,1,0
2014-03-18T13:59:59.580,100.5010,25.8092,1,0
2014-03-18T14:35:59.580,100.5010,25.8092,1,0
2014-03-18T15:00:59.580,100.5010,25.8092,1,0
2014-03-18T15:29:59.580,100.5010,25.8092,1,0
2014-03-18T15:59:59.580,100.5010,25.8092,1,0
2014-03-18T16:29:59.580,100.5010,25.8092,1,0
2014-03-18T16:59:59.580,100.5010,25.8092,1,0
2014-03-18T17:29:59.580,100.5010,25.8092,1,0
2014-03-18T17:59:59.580,100.5010,25.8092,1,0
2014-03-18T18:29:59.580,100.5010,25.8092,1,0
2014-03-18T18:59:59.580,100.5010,25.8092,1,0
2014-03-18T19:29:59.570,100.5010,25.8092,1,0
2014-03-18T20:09:59.580,100.5010,25.8092,1,0
2014-03-18T20:49:59.580,100.5010,25.8092,1,0
2014-03-18T21:29:59.580,100.5010,25.8092,1,0
2014-03-18T21:59:59.580,100.5010,25.8092,1,0
2014-03-26T15:25:59.580,100.5010,25.8092,1,0
2014-03-26T15:46:59.580,100.5010,25.8092,1,0
2014-03-26T16:09:59.580,100.5010,25.8092,1,0
2014-03-26T16:30:59.580,100.5010,25.8092,1,0
2014-03-26T16:54:59.580,100.5010,25.8092,1,0
2014-03-26T17:19:59.580,100.5010,25.8092,1,0
2014-03-26T17:44:59.580,100.5010,25.8092,1,0
2014-03-26T18:09:59.580,100.5010,25.8092,1,0
2014-03-26T18:34:59.580,100.5010,25.8092,1,0
2014-03-26T18:59:59.580,100.5010,25.8092,1,0
2014-03-26T19:24:59.580,100.5010,25.8092,1,0
2014-03-26T19:49:59.580,100.5010,25.8092,1,0
2014-03-26T20:14:59.580,100.5010,25.8092,1,0
2014-03-26T20:39:59.580,100.5010,25.8092,1,0
2014-04-02T13:59:59.580,100.5010,25.8092,1,0
2014-04-02T14:24:59.580,100.5010,25.8092,1,0
2014-04-02T14:49:59.580,100.5010,25.8092,1,0
2014-04-02T15:39:59.580,100.5010,25.8092,1,0
2014-04-02T16:04:59.580,100.5010,25.8092,1,0
2014-04-02T16:29:59.580,100.5010,25.8092,1,0
2014-04-02T17:19:59.580,100.5010,25.8092,1,0
2014-04-02T18:34:59.580,100.5010,25.8092,1,0
2014-04-02T18:59:59.580,100.5010,25.8092,1,0
2014-04-02T19:29:59.580,100.5010,25.8092,1,0
2014-04-02T19:59:59.580,100.5010,25.8092,1,0
2014-04-02T20:29:59.570,100.5010,25.8092,1,0
2014-04-02T20:59:59.570,100.5010,25.8092,1,0
2014-04-02T21:29:59.570,100.5010,25.8092,1,0
2014-04-02T21:59:59.570,100.5010,25.8092,1,0
2014-04-04T04:59:59.570,100.5010,25.8092,1,0
2014-04-04T05:39:59.580,100.5010,25.8092,1,0
2014-04-04T06:19:59.580,100.5010,25.8092,1,0
2014-04-04T06:59:59.580,100.5010,25.8092,1,0
2014-04-04T07:39:59.580,100.5010,25.8092,1,0
2014-04-04T08:19:59.580,100.5010,25.8092,1,0
2014-04-04T08:59:59.580,100.5010,25.8092,1,0
2014-04-04T10:19:59.580,100.5010,25.8092,1,0
2014-04-04T10:59:59.580,100.5010,25.8092,1,0
2014-04-04T22:59:59.580,100.5010,25.8092,1,0
2014-04-04T23:49:59.580,100.5010,25.8092,1,0
2014-04-05T00:39:59.570,100.5010,25.8092,1,0
2014-04-05T01:29:59.570,100.5010,25.8092,1,0
2014-04-05T02:19:59.570,100.5010,25.8092,1,0
2014-04-05T03:09:59.570,100.5010,25.8092,1,0
2014-04-05T03:59:59.570,100.5010,25.8092,1,0
2014-04-05T05:49:59.580,100.5010,25.8092,1,0
2014-04-05T06:49:59.580,100.5010,25.8092,1,0
2014-04-05T08:49:59.580,100.5010,25.8092,1,0
2014-04-05T10:49:59.580,100.5010,25.8092,1,0
2014-04-05T11:49:59.580,100.5010,25.8092,1,0
2014-04-05T12:49:59.580,100.5010,25.8092,1,0
2014-04-05T14:49:59.580,100.5010,25.8092,1,0
2014-04-05T15:49:59.580,100.5010,25.8092,1,0
2014-04-05T16:49:59.580,100.5010,25.8092,1,0
2014-04-05T17:49:59.570,100.5010,25.8092,1,0
2014-04-05T19:59:59.580,100.5010,25.8092,1,0
2014-04-05T21:29:59.570,100.5010,25.8092,1,0
2014-04-05T22:59:59.570,100.5010,25.8092,1,0
2014-04-06T07:29:59.570,100.5010,25.8092,1,0
2014-04-06T10:59:59.570,100.5010,25.8092,1,0
2014-04-06T12:59:59.580,100.5010,25.8092,1,0
2014-04-06T13:59:59.570,100.5010,25.8092,1,0
2014-04-06T14:59:59.570,100.5010,25.8092,1,0
2014-04-06T15:59:59.570,100.5010,25.8092,1,0
2014-04-06T17:29:59.580,100.5010,25.8092,1,0
2014-04-06T18:59:59.580,100.5010,25.8092,1,0
2014-04-07T15:19:59.580,100.5010,25.8092,1,0
2014-04-07T16:09:59.570,100.5010,25.8092,1,0
2014-04-08T02:44:59.580,100.5010,25.8092,1,0
2014-04-08T03:34:59.580,100.5010,25.8092,1,0
2014-04-08T04:00:59.580,100.5010,25.8092,1,0
2014-04-08T13:22:59.580,100.5010,25.8092,1,0
2014-04-08T13:51:59.580,100.5010,25.8092,1,0
2014-04-08T14:16:59.580,100.5010,25.8092,1,0
2014-04-08T14:41:59.580,100.5010,25.8092,1,0
2014-04-08T15:06:59.580,100.5010,25.8092,1,0
2014-04-08T15:31:59.580,100.5010,25.8092,1,0
2014-04-08T15:56:59.580,100.5010,25.8092,1,0
2014-04-08T16:21:59.580,100.5010,25.8092,1,0
2014-04-08T16:50:59.580,100.5010,25.8092,1,0
2014-04-08T17:19:59.580,100.5010,25.8092,1,0
2014-04-08T19:24:59.580,100.5010,25.8092,1,0
2014-04-08T19:52:59.580,100.5010,25.8092,1,0
2014-04-09T13:32:59.580,100.5010,25.8092,1,0
2014-04-09T13:49:59.580,100.5010,25.8092,1,0
2014-04-09T14:12:59.580,100.5010,25.8092,1,0
2014-04-09T14:37:59.580,100.5010,25.8092,1,0
2014-04-09T15:04:59.580,100.5010,25.8092,1,0
2014-04-09T15:29:59.580,100.5010,25.8092,1,0
2014-04-09T15:54:59.580,100.5010,25.8092,1,0
2014-04-09T16:19:59.580,100.5010,25.8092,1,0
2014-04-09T16:44:59.580,100.5010,25.8092,1,0
2014-04-09T17:09:59.580,100.5010,25.8092,1,0
2014-04-09T17:34:59.580,100.5010,25.8092,1,0
2014-04-09T17:59:59.580,100.5010,25.8092,1,0
2014-04-09T18:19:59.580,100.5010,25.8092,1,0
2014-04-09T18:44:59.580,100.5010,25.8092,1,0
2014-04-09T19:11:59.580,100.5010,25.8092,1,0
2014-04-09T19:36:59.580,100.5010,25.8092,1,0
2014-04-09T20:01:59.580,100.5010,25.8092,1,0
2014-04-09T20:24:59.580,100.5010,25.8092,1,0
2014-04-09T20:45:59.580,100.5010,25.8092,1,0
2014-04-09T21:08:59.580,100.5010,25.8092,1,0
2014-04-10T13:48:59.580,100.5010,25.8092,1,0
2014-04-10T14:11:59.580,100.5010,25.8092,1,0
2014-04-10T14:34:59.580,100.5010,25.8092,1,0
2014-04-10T14:59:59.580,100.5010,25.8092,1,0
2014-04-10T15:19:59.580,100.5010,25.8092,1,0
2014-04-10T15:44:59.580,100.5010,25.8092,1,0
2014-04-10T16:09:59.580,100.5010,25.8092,1,0
2014-04-10T16:30:59.580,100.5010,25.8092,1,0
2014-04-10T16:54:59.580,100.5010,25.8092,1,0
2014-04-10T17:24:59.580,100.5010,25.8092,1,0
2014-04-10T17:59:59.580,100.5010,25.8092,1,0
2014-04-10T18:29:59.580,100.5010,25.8092,1,0
2014-04-10T18:59:59.580,100.5010,25.8092,1,0
2014-04-10T19:26:59.580,100.5010,25.8092,1,0
2014-04-10T20:02:59.580,100.5010,25.8092,1,0
2014-04-10T20:25:59.580,100.5010,25.8092,1,0
2014-04-10T21:04:59.580,100.5010,25.8092,1,0
2014-04-10T21:34:59.580,100.5010,25.8092,1,0
2014-05-08T15:09:59.320,100.5010,25.8092,1,0
2014-05-08T16:09:59.320,100.5010,25.8092,1,0
2014-05-08T16:39:59.320,100.5010,25.8092,1,0
2014-05-08T17:09:59.320,100.5010,25.8092,1,0
2014-05-08T17:39:59.320,100.5010,25.8092,1,0
2014-05-08T18:09:59.320,100.5010,25.8092,1,0
2014-05-08T18:39:59.320,100.5010,25.8092,1,0
2014-05-08T19:09:59.320,100.5010,25.8092,1,0
2014-05-08T19:39:59.320,100.5010,25.8092,1,0
2014-05-08T20:09:59.320,100.5010,25.8092,1,0
2014-05-08T20:34:59.320,100.5010,25.8092,1,0
2014-05-08T20:49:59.320,100.5010,25.8092,1,0
2014-05-08T21:04:59.320,100.5010,25.8092,1,0
2014-05-08T21:19:59.320,100.5010,25.8092,1,0
2014-05-08T21:34:59.320,100.5010,25.8092,1,0
2014-05-08T21:44:59.320,100.5010,25.8092,1,0
2014-09-08T13:59:59.580,100.5010,25.8092,1,0
2014-09-08T14:14:59.580,100.5010,25.8092,1,0
2014-09-08T14:29:59.580,100.5010,25.8092,1,0
2014-09-08T14:44:59.580,100.5010,25.8092,1,0
2014-09-08T14:59:59.580,100.5010,25.8092,1,0
2014-09-08T15:14:59.580,100.5010,25.8092,1,0
2014-09-08T15:29:59.580,100.5010,25.8092,1,0
2014-09-08T15:44:59.580,100.5010,25.8092,1,0
2014-09-08T15:59:59.580,100.5010,25.8092,1,0
2014-09-08T16:14:59.580,100.5010,25.8092,1,0
2014-09-08T16:29:59.580,100.5010,25.8092,1,0
2014-09-08T16:44:59.580,100.5010,25.8092,1,0
2014-09-08T16:59:59.580,100.5010,25.8092,1,0
2014-09-08T17:14:59.580,100.5010,25.8092,1,0
2014-09-08T17:29:59.580,100.5010,25.8092,1,0
2014-09-08T17:44:59.580,100.5010,25.8092,1,0
2014-09-08T17:59:59.580,100.5010,25.8092,1,0
2014-09-08T18:14:59.580,100.5010,25.8092,1,0
2014-09-08T18:29:59.580,100.5010,25.8092,1,0
2014-09-08T18:44:59.580,100.5010,25.8092,1,0
2014-09-08T18:59:59.580,100.5010,25.8092,1,0
2014-09-10T13:59:59.580,100.5010,25.8092,1,0
2014-09-10T14:14:59.580,100.5010,25.8092,1,0
2014-09-10T14:29:59.580,100.5010,25.8092,1,0
2014-09-10T14:44:59.580,100.5010,25.8092,1,0
2014-09-10T14:59:59.580,100.5010,25.8092,1,0
2014-09-10T15:14:59.580,100.5010,25.8092,1,0
2014-09-10T15:29:59.580,100.5010,25.8092,1,0
2014-09-10T15:44:59.580,100.5010,25.8092,1,0
2014-09-10T15:59:59.580,100.5010,25.8092,1,0
2014-09-10T16:14:59.580,100.5010,25.8092,1,0
2014-09-10T16:29:59.580,100.5010,25.8092,1,0
2014-09-10T16:44:59.580,100.5010,25.8092,1,0
2014-09-10T16:59:59.580,100.5010,25.8092,1,0
2014-09-10T17:14:59.580,100.5010,25.8092,1,0
2014-09-10T17:29:59.580,100.5010,25.8092,1,0
2014-09-10T17:44:59.580,100.5010,25.8092,1,0
2014-09-10T17:59:59.580,100.5010,25.8092,1,0
2014-09-10T18:14:59.580,100.5010,25.8092,1,0
2014-09-10T18:29:59.580,100.5010,25.8092,1,0
2014-09-10T18:44:59.580,100.5010,25.8092,1,0
2014-09-10T18:59:59.580,100.5010,25.8092,1,0
2014-09-12T14:14:59.590,100.5010,25.8092,1,0
2014-09-12T14:29:59.590,100.5010,25.8092,1,0
2014-09-12T14:44:59.590,100.5010,25.8092,1,0
2014-09-12T14:59:59.590,100.5010,25.8092,1,0
2014-09-12T15:14:59.590,100.5010,25.8092,1,0
2014-09-12T15:29:59.590,100.5010,25.8092,1,0
2014-09-12T15:44:59.580,100.5010,25.8092,1,0
2014-09-12T15:59:59.580,100.5010,25.8092,1,0
2014-09-12T16:14:59.580,100.5010,25.8092,1,0
2014-09-12T16:29:59.580,100.5010,25.8092,1,0
2014-09-12T16:44:59.580,100.5010,25.8092,1,0
2014-09-12T16:59:59.580,100.5010,25.8092,1,0
2014-09-12T17:14:59.580,100.5010,25.8092,1,0
2014-09-12T17:29:59.580,100.5010,25.8092,1,0
2014-09-12T17:44:59.580,100.5010,25.8092,1,0
2014-09-12T17:59:59.580,100.5010,25.8092,1,0
2014-09-12T18:14:59.590,100.5010,25.8092,1,0
2014-09-12T18:29:59.580,100.5010,25.8092,1,0
2014-09-12T18:44:59.580,100.5010,25.8092,1,0
2014-09-12T18:59:59.580,100.5010,25.8092,1,0
2014-09-15T13:59:59.600,100.5010,25.8092,1,0
2014-09-15T14:14:59.600,100.5010,25.8092,1,0
2014-09-15T14:29:59.600,100.5010,25.8092,1,0
2014-09-15T14:44:59.600,100.5010,25.8092,1,0
2014-09-15T14:59:59.600,100.5010,25.8092,1,0
2014-09-15T15:14:59.600,100.5010,25.8092,1,0
2014-09-15T15:29:59.600,100.5010,25.8092,1,0
2014-09-15T15:44:59.600,100.5010,25.8092,1,0
2014-09-15T15:59:59.600,100.5010,25.8092,1,0
2014-09-15T16:14:59.600,100.5010,25.8092,1,0
2014-09-15T16:29:59.600,100.5010,25.8092,1,0
2014-09-15T16:44:59.600,100.5010,25.8092,1,0
2014-09-15T16:59:59.600,100.5010,25.8092,1,0
2014-09-15T17:14:59.600,100.5010,25.8092,1,0
2014-09-15T17:29:59.600,100.5010,25.8092,1,0
2014-09-15T17:44:59.600,100.5010,25.8092,1,0
2014-09-15T17:59:59.600,100.5010,25.8092,1,0
2014-09-15T18:14:59.600,100.5010,25.8092,1,0
2014-09-15T18:29:59.600,100.5010,25.8092,1,0
2014-09-15T18:44:59.600,100.5010,25.8092,1,0
2014-09-15T18:59:59.600,100.5010,25.8092,1,0
2014-09-17T13:59:59.570,100.5010,25.8092,1,0
2014-09-17T14:14:59.600,100.5010,25.8092,1,0
2014-09-19T13:59:59.600,100.5010,25.8092,1,0
2014-09-19T14:14:59.600,100.5010,25.8092,1,0
2014-09-19T14:29:59.600,100.5010,25.8092,1,0
2014-09-19T14:44:59.590,100.5010,25.8092,1,0
2014-09-19T14:59:59.600,100.5010,25.8092,1,0
2014-09-19T15:14:59.600,100.5010,25.8092,1,0
2014-09-19T15:29:59.600,100.5010,25.8092,1,0
2014-09-19T15:44:59.600,100.5010,25.8092,1,0
2014-09-19T15:59:59.600,100.5010,25.8092,1,0
2014-09-19T16:14:59.600,100.5010,25.8092,1,0
2014-09-19T16:29:59.600,100.5010,25.8092,1,0
2014-09-19T16:44:59.600,100.5010,25.8092,1,0
2014-09-19T16:59:59.600,100.5010,25.8092,1,0
2014-09-19T17:14:59.600,100.5010,25.8092,1,0
2014-09-19T17:29:59.600,100.5010,25.8092,1,0
2014-09-19T17:44:59.600,100.5010,25.8092,1,0
2014-09-19T17:59:59.600,100.5010,25.8092,1,0
2014-09-19T18:14:59.600,100.5010,25.8092,1,0
2014-09-19T18:29:59.600,100.5010,25.8092,1,0
2014-09-19T18:44:59.600,100.5010,25.8092,1,0
2014-09-19T18:59:59.600,100.5010,25.8092,1,0
2014-09-22T13:59:59.590,100.5010,25.8092,1,0
2014-09-22T14:14:59.590,100.5010,25.8092,1,0
2014-09-22T14:29:59.590,100.5010,25.8092,1,0
2014-09-22T14:44:59.590,100.5010,25.8092,1,0
2014-09-22T14:59:59.590,100.5010,25.8092,1,0
2014-09-22T15:14:59.590,100.5010,25.8092,1,0
2014-09-22T15:29:59.590,100.5010,25.8092,1,0
2014-09-22T15:44:59.590,100.5010,25.8092,1,0
2014-09-22T15:59:59.590,100.5010,25.8092,1,0
2014-09-22T16:14:59.590,100.5010,25.8092,1,0
2014-09-22T16:29:59.590,100.5010,25.8092,1,0
2014-09-22T16:44:59.590,100.5010,25.8092,1,0
2014-09-22T16:59:59.590,100.5010,25.8092,1,0
2014-09-22T17:14:59.590,100.5010,25.8092,1,0
2014-09-22T17:29:59.590,100.5010,25.8092,1,0
2014-09-22T17:44:59.590,100.5010,25.8092,1,0
2014-09-22T17:59:59.590,100.5010,25.8092,1,0
2014-09-22T18:14:59.590,100.5010,25.8092,1,0
2014-09-22T18:29:59.590,100.5010,25.8092,1,0
2014-09-22T18:44:59.590,100.5010,25.8092,1,0
2014-09-22T18:59:59.590,100.5010,25.8092,1,0
2014-09-24T13:59:59.590,100.5010,25.8092,1,0
2014-09-24T14:14:59.590,100.5010,25.8092,1,0
2014-09-24T14:29:59.590,100.5010,25.8092,1,0
2014-09-24T14:44:59.590,100.5010,25.8092,1,0
2014-09-24T14:59:59.590,100.5010,25.8092,1,0
2014-09-24T15:14:59.590,100.5010,25.8092,1,0
2014-09-24T15:29:59.590,100.5010,25.8092,1,0
2014-09-24T15:44:59.590,100.5010,25.8092,1,0
2014-09-24T15:59:59.590,100.5010,25.8092,1,0
2014-09-24T16:14:59.590,100.5010,25.8092,1,0
2014-09-24T16:29:59.590,100.5010,25.8092,1,0
2014-09-24T16:44:59.590,100.5010,25.8092,1,0
2014-09-24T16:59:59.590,100.5010,25.8092,1,0
2014-09-24T17:14:59.590,100.5010,25.8092,1,0
2014-09-24T17:29:59.590,100.5010,25.8092,1,0
2014-09-24T17:44:59.590,100.5010,25.8092,1,0
2014-09-24T17:59:59.590,100.5010,25.8092,1,0
2014-09-24T18:14:59.590,100.5010,25.8092,1,0
2014-09-24T18:29:59.590,100.5010,25.8092,1,0
2014-09-24T18:44:59.590,100.5010,25.8092,1,0
2014-09-24T18:59:59.590,100.5010,25.8092,1,0
2014-09-26T13:59:59.590,100.5010,25.8092,1,0
2014-09-26T14:14:59.590,100.5010,25.8092,1,0
2014-09-26T14:29:59.590,100.5010,25.8092,1,0
2014-09-26T14:44:59.590,100.5010,25.8092,1,0
2014-09-26T14:59:59.590,100.5010,25.8092,1,0
2014-09-26T15:14:59.590,100.5010,25.8092,1,0
2014-09-26T15:29:59.590,100.5010,25.8092,1,0
2014-09-26T15:44:59.590,100.5010,25.8092,1,0
2014-09-26T15:59:59.590,100.5010,25.8092,1,0
2014-09-26T16:14:59.590,100.5010,25.8092,1,0
2014-09-26T16:29:59.590,100.5010,25.8092,1,0
2014-09-26T16:44:59.590,100.5010,25.8092,1,0
2014-09-26T16:59:59.590,100.5010,25.8092,1,0
2014-09-26T17:14:59.590,100.5010,25.8092,1,0
2014-09-26T17:29:59.590,100.5010,25.8092,1,0
2014-09-26T17:44:59.590,100.5010,25.8092,1,0
2014-09-26T17:59:59.590,100.5010,25.8092,1,0
2014-09-26T18:14:59.590,100.5010,25.8092,1,0
2014-09-26T18:29:59.590,100.5010,25.8092,1,0
2014-09-26T18:44:59.590,100.5010,25.8092,1,0
2014-09-26T18:59:59.590,100.5010,25.8092,1,0
2014-09-29T13:59:59.590,100.5010,25.8092,1,0
2014-09-29T14:14:59.590,100.5010,25.8092,1,0
2014-09-29T14:29:59.590,100.5010,25.8092,1,0
2014-09-29T14:44:59.590,100.5010,25.8092,1,0
2014-09-29T14:59:59.590,100.5010,25.8092,1,0
2014-09-29T15:14:59.590,100.5010,25.8092,1,0
2014-09-29T15:29:59.590,100.5010,25.8092,1,0
2014-09-29T15:44:59.590,100.5010,25.8092,1,0
2014-09-29T15:59:59.590,100.5010,25.8092,1,0
2014-09-29T16:14:59.590,100.5010,25.8092,1,0
2014-09-29T16:29:59.590,100.5010,25.8092,1,0
2014-09-29T16:44:59.590,100.5010,25.8092,1,0
2014-09-29T16:59:59.590,100.5010,25.8092,1,0
2014-09-29T17:14:59.590,100.5010,25.8092,1,0
2014-09-29T17:29:59.590,100.5010,25.8092,1,0
2014-09-29T17:44:59.590,100.5010,25.8092,1,0
2014-09-29T17:59:59.590,100.5010,25.8092,1,0
2014-09-29T18:14:59.590,100.5010,25.8092,1,0
2014-09-29T18:29:59.590,100.5010,25.8092,1,0
2014-09-29T18:44:59.590,100.5010,25.8092,1,0
2014-09-29T18:59:59.590,100.5010,25.8092,1,0
2014-10-01T13:59:59.590,100.5010,25.8092,1,0
2014-10-01T14:14:59.590,100.5010,25.8092,1,0
2014-10-01T14:29:59.590,100.5010,25.8092,1,0
2014-10-01T14:44:59.590,100.5010,25.8092,1,0
2014-10-01T14:59:59.590,100.5010,25.8092,1,0
2014-10-01T15:14:59.590,100.5010,25.8092,1,0
2014-10-01T15:29:59.590,100.5010,25.8092,1,0
2014-10-01T15:44:59.590,100.5010,25.8092,1,0
2014-10-01T15:59:59.590,100.5010,25.8092,1,0
2014-10-01T16:14:59.590,100.5010,25.8092,1,0
2014-10-01T16:29:59.590,100.5010,25.8092,1,0
2014-10-01T16:44:59.590,100.5010,25.8092,1,0
2014-10-01T16:59:59.590,100.5010,25.8092,1,0
2014-10-01T17:14:59.590,100.5010,25.8092,1,0
2014-10-01T17:29:59.590,100.5010,25.8092,1,0
2014-10-01T17:44:59.590,100.5010,25.8092,1,0
2014-10-01T17:59:59.590,100.5010,25.8092,1,0
2014-10-01T18:14:59.590,100.5010,25.8092,1,0
2014-10-01T18:29:59.590,100.5010,25.8092,1,0
2014-10-01T18:44:59.590,100.5010,25.8092,1,0
2014-10-01T18:59:59.590,100.5010,25.8092,1,0
2014-10-03T13:59:59.590,100.5010,25.8092,1,0
2014-10-03T14:14:59.590,100.5010,25.8092,1,0
2014-10-03T14:29:59.590,100.5010,25.8092,1,0
2014-10-03T14:44:59.590,100.5010,25.8092,1,0
2014-10-03T14:59:59.590,100.5010,25.8092,1,0
2014-10-03T15:14:59.590,100.5010,25.8092,1,0
2014-10-03T15:29:59.590,100.5010,25.8092,1,0
2014-10-03T15:44:59.590,100.5010,25.8092,1,0
2014-10-03T15:59:59.590,100.5010,25.8092,1,0
2014-10-03T16:14:59.590,100.5010,25.8092,1,0
2014-10-03T16:29:59.590,100.5010,25.8092,1,0
2014-10-03T16:44:59.590,100.5010,25.8092,1,0
2014-10-03T16:59:59.590,100.5010,25.8092,1,0
2014-10-03T17:14:59.590,100.5010,25.8092,1,0
2014-10-03T17:29:59.580,100.5010,25.8092,1,0
2014-10-03T17:44:59.590,100.5010,25.8092,1,0
2014-10-03T17:59:59.590,100.5010,25.8092,1,0
2014-10-03T18:14:59.590,100.5010,25.8092,1,0
2014-10-03T18:29:59.590,100.5010,25.8092,1,0
2014-10-03T18:44:59.590,100.5010,25.8092,1,0
2014-10-03T18:59:59.590,100.5010,25.8092,1,0
2014-10-06T13:59:59.580,100.5010,25.8092,1,0
2014-10-06T14:14:59.580,100.5010,25.8092,1,0
2014-10-06T14:29:59.580,100.5010,25.8092,1,0
2014-10-06T14:44:59.580,100.5010,25.8092,1,0
2014-10-06T14:59:59.580,100.5010,25.8092,1,0
2014-10-06T15:14:59.580,100.5010,25.8092,1,0
2014-10-06T15:29:59.580,100.5010,25.8092,1,0
2014-10-06T15:44:59.580,100.5010,25.8092,1,0
2014-10-06T15:59:59.580,100.5010,25.8092,1,0
2014-10-06T16:14:59.580,100.5010,25.8092,1,0
2014-10-06T16:29:59.580,100.5010,25.8092,1,0
2014-10-06T16:44:59.580,100.5010,25.8092,1,0
2014-10-06T16:59:59.580,100.5010,25.8092,1,0
2014-10-06T17:14:59.580,100.5010,25.8092,1,0
2014-10-06T17:29:59.580,100.5010,25.8092,1,0
2014-10-06T17:44:59.580,100.5010,25.8092,1,0
2014-10-06T17:59:59.580,100.5010,25.8092,1,0
2014-10-06T18:14:59.580,100.5010,25.8092,1,0
2014-10-06T18:29:59.580,100.5010,25.8092,1,0
2014-10-06T18:44:59.580,100.5010,25.8092,1,0
2014-10-06T18:59:59.580,100.5010,25.8092,1,0
2014-10-07T14:54:59.580,100.5010,25.8092,1,0
2014-10-07T15:09:59.580,100.5010,25.8092,1,0
2014-10-07T15:25:00.580,100.5010,25.8092,1,0
2014-10-07T15:39:59.580,100.5010,25.8092,1,0
2014-10-07T15:54:59.580,100.5010,25.8092,1,0
2014-10-07T16:09:59.580,100.5010,25.8092,1,0
2014-10-07T16:24:59.580,100.5010,25.8092,1,0
2014-10-07T16:39:59.580,100.5010,25.8092,1,0
2014-10-07T16:54:59.580,100.5010,25.8092,1,0
2014-10-07T17:09:59.580,100.5010,25.8092,1,0
2014-10-07T17:24:59.580,100.5010,25.8092,1,0
2014-10-07T17:39:59.580,100.5010,25.8092,1,0
2014-10-07T17:54:59.580,100.5010,25.8092,1,0
2014-10-07T18:09:59.580,100.5010,25.8092,1,0
2014-10-07T18:24:59.580,100.5010,25.8092,1,0
2014-10-07T18:39:59.580,100.5010,25.8092,1,0
2014-10-07T18:54:59.580,100.5010,25.8092,1,0
2014-10-07T19:09:59.580,100.5010,25.8092,1,0
2014-10-07T19:24:59.580,100.5010,25.8092,1,0
2014-10-07T19:39:59.580,100.5010,25.8092,1,0
2014-10-07T19:54:59.580,100.5010,25.8092,1,0
2014-10-07T20:09:59.580,100.5010,25.8092,1,0
2014-10-07T20:24:59.580,100.5010,25.8092,1,0
2014-10-07T20:39:59.580,100.5010,25.8092,1,0
2014-10-07T20:54:59.580,100.5010,25.8092,1,0
2014-10-07T21:09:59.580,100.5010,25.8092,1,0
2014-10-07T21:24:59.580,100.5010,25.8092,1,0
2014-10-07T21:39:59.580,100.5010,25.8092,1,0
2014-10-07T21:54:59.580,100.5010,25.8092,1,0
2014-10-08T13:59:59.580,100.5010,25.8092,1,0
2014-10-08T14:14:59.580,100.5010,25.8092,1,0
2014-10-08T14:29:59.580,100.5010,25.8092,1,0
2014-10-08T14:44:59.580,100.5010,25.8092,1,0
2014-10-08T14:59:59.580,100.5010,25.8092,1,0
2014-10-08T15:14:59.580,100.5010,25.8092,1,0
2014-10-08T15:29:59.580,100.5010,25.8092,1,0
2014-10-08T15:44:59.580,100.5010,25.8092,1,0
2014-10-08T15:59:59.580,100.5010,25.8092,1,0
2014-10-08T16:14:59.580,100.5010,25.8092,1,0
2014-10-08T16:29:59.580,100.5010,25.8092,1,0
2014-10-08T16:44:59.580,100.5010,25.8092,1,0
2014-10-08T16:59:59.580,100.5010,25.8092,1,0
2014-10-08T17:14:59.580,100.5010,25.8092,1,0
2014-10-08T17:29:59.580,100.5010,25.8092,1,0
2014-10-08T17:44:59.580,100.5010,25.8092,1,0
2014-10-08T17:59:59.580,100.5010,25.8092,1,0
2014-10-08T18:14:59.580,100.5010,25.8092,1,0
2014-10-08T18:29:59.580,100.5010,25.8092,1,0
2014-10-08T18:44:59.580,100.5010,25.8092,1,0
2014-10-08T18:59:59.580,100.5010,25.8092,1,0
2014-10-10T13:59:59.580,100.5010,25.8092,1,0
2014-10-10T14:14:59.580,100.5010,25.8092,1,0
2014-10-10T14:29:59.580,100.5010,25.8092,1,0
2014-10-10T14:44:59.580,100.5010,25.8092,1,0
2014-10-10T14:59:59.580,100.5010,25.8092,1,0
2014-10-10T15:14:59.580,100.5010,25.8092,1,0
2014-10-10T15:29:59.580,100.5010,25.8092,1,0
2014-10-10T15:44:59.580,100.5010,25.8092,1,0
2014-10-10T15:59:59.580,100.5010,25.8092,1,0
2014-10-10T16:14:59.580,100.5010,25.8092,1,0
2014-10-10T16:29:59.580,100.5010,25.8092,1,0
2014-10-10T16:44:59.580,100.5010,25.8092,1,0
2014-10-10T16:59:59.580,100.5010,25.8092,1,0
2014-10-10T17:14:59.580,100.5010,25.8092,1,0
2014-10-10T17:29:59.580,100.5010,25.8092,1,0
2014-10-10T17:44:59.580,100.5010,25.8092,1,0
2014-10-10T17:59:59.580,100.5010,25.8092,1,0
2014-10-10T18:14:59.580,100.5010,25.8092,1,0
2014-10-10T18:29:59.580,100.5010,25.8092,1,0
2014-10-10T18:44:59.580,100.5010,25.8092,1,0
2014-10-10T18:59:59.580,100.5010,25.8092,1,0
2014-10-13T13:59:59.580,100.5010,25.8092,1,0
2014-10-13T14:14:59.580,100.5010,25.8092,1,0
2014-10-13T14:29:59.580,100.5010,25.8092,1,0
2014-10-13T14:44:59.580,100.5010,25.8092,1,0
2014-10-13T14:59:59.580,100.5010,25.8092,1,0
2014-10-13T15:14:59.580,100.5010,25.8092,1,0
2014-10-13T15:29:59.580,100.5010,25.8092,1,0
2014-10-13T15:44:59.580,100.5010,25.8092,1,0
2014-10-13T15:59:59.580,100.5010,25.8092,1,0
2014-10-13T16:14:59.580,100.5010,25.8092,1,0
2014-10-13T16:29:59.580,100.5010,25.8092,1,0
2014-10-13T16:44:59.580,100.5010,25.8092,1,0
2014-10-13T16:59:59.580,100.5010,25.8092,1,0
2014-10-13T17:14:59.580,100.5010,25.8092,1,0
2014-10-13T17:29:59.580,100.5010,25.8092,1,0
2014-10-13T17:44:59.580,100.5010,25.8092,1,0
2014-10-13T17:59:59.580,100.5010,25.8092,1,0
2014-10-13T18:14:59.580,100.5010,25.8092,1,0
2014-10-13T18:29:59.580,100.5010,25.8092,1,0
2014-10-13T18:44:59.580,100.5010,25.8092,1,0
2014-10-13T18:59:59.580,100.5010,25.8092,1,0
2014-10-15T13:59:59.590,100.5010,25.8092,1,0
2014-10-15T14:14:59.580,100.5010,25.8092,1,0
2014-10-15T14:29:59.580,100.5010,25.8092,1,0
2014-10-15T14:44:59.590,100.5010,25.8092,1,0
2014-10-15T14:59:59.590,100.5010,25.8092,1,0
2014-10-15T15:14:59.580,100.5010,25.8092,1,0
2014-10-15T15:29:59.590,100.5010,25.8092,1,0
2014-10-15T15:44:59.590,100.5010,25.8092,1,0
2014-10-15T15:59:59.590,100.5010,25.8092,1,0
2014-10-15T16:14:59.590,100.5010,25.8092,1,0
2014-10-15T16:29:59.590,100.5010,25.8092,1,0
2014-10-15T16:44:59.590,100.5010,25.8092,1,0
2014-10-15T16:59:59.590,100.5010,25.8092,1,0
2014-10-15T17:14:59.590,100.5010,25.8092,1,0
2014-10-15T17:29:59.590,100.5010,25.8092,1,0
2014-10-15T17:44:59.590,100.5010,25.8092,1,0
2014-10-15T17:59:59.590,100.5010,25.8092,1,0
2014-10-15T18:14:59.580,100.5010,25.8092,1,0
2014-10-15T18:29:59.590,100.5010,25.8092,1,0
2014-10-15T18:44:59.580,100.5010,25.8092,1,0
2014-10-15T18:59:59.580,100.5010,25.8092,1,0
2014-10-17T13:59:59.590,100.5010,25.8092,1,0
2014-10-17T14:14:59.590,100.5010,25.8092,1,0
2014-10-17T14:29:59.590,100.5010,25.8092,1,0
2014-10-17T14:44:59.590,100.5010,25.8092,1,0
2014-10-17T14:59:59.590,100.5010,25.8092,1,0
2014-10-17T15:14:59.590,100.5010,25.8092,1,0
2014-10-17T15:29:59.580,100.5010,25.8092,1,0
2014-10-17T15:44:59.590,100.5010,25.8092,1,0
2014-10-17T15:59:59.590,100.5010,25.8092,1,0
2014-10-17T16:14:59.590,100.5010,25.8092,1,0
2014-10-17T16:29:59.590,100.5010,25.8092,1,0
2014-10-17T16:44:59.590,100.5010,25.8092,1,0
2014-10-17T16:59:59.590,100.5010,25.8092,1,0
2014-10-17T17:14:59.590,100.5010,25.8092,1,0
2014-10-17T17:29:59.580,100.5010,25.8092,1,0
2014-10-17T17:44:59.580,100.5010,25.8092,1,0
2014-10-17T17:59:59.580,100.5010,25.8092,1,0
2014-10-17T18:14:59.590,100.5010,25.8092,1,0
2014-10-17T18:29:59.580,100.5010,25.8092,1,0
2014-10-17T18:44:59.580,100.5010,25.8092,1,0
2014-10-17T18:59:59.580,100.5010,25.8092,1,0
2014-10-20T13:59:59.590,100.5010,25.8092,1,0
2014-10-20T14:14:59.580,100.5010,25.8092,1,0
2014-10-20T14:29:59.590,100.5010,25.8092,1,0
2014-10-20T14:44:59.590,100.5010,25.8092,1,0
2014-10-20T14:59:59.590,100.5010,25.8092,1,0
2014-10-20T15:14:59.590,100.5010,25.8092,1,0
2014-10-20T15:29:59.590,100.5010,25.8092,1,0
2014-10-20T15:44:59.590,100.5010,25.8092,1,0
2014-10-20T15:59:59.590,100.5010,25.8092,1,0
2014-10-20T16:14:59.590,100.5010,25.8092,1,0
2014-10-20T16:29:59.590,100.5010,25.8092,1,0
2014-10-20T16:44:59.590,100.5010,25.8092,1,0
2014-10-20T16:59:59.590,100.5010,25.8092,1,0
2014-10-20T17:14:59.590,100.5010,25.8092,1,0
2014-10-20T17:29:59.590,100.5010,25.8092,1,0
2014-10-20T17:44:59.590,100.5010,25.8092,1,0
2014-10-20T17:59:59.590,100.5010,25.8092,1,0
2014-10-20T18:14:59.590,100.5010,25.8092,1,0
2014-10-20T18:29:59.590,100.5010,25.8092,1,0
2014-10-20T18:44:59.580,100.5010,25.8092,1,0
2014-10-20T18:59:59.580,100.5010,25.8092,1,0
2014-10-22T13:59:59.590,100.5010,25.8092,1,0
2014-10-22T14:14:59.590,100.5010,25.8092,1,0
2014-10-22T14:29:59.590,100.5010,25.8092,1,0
2014-10-22T14:44:59.590,100.5010,25.8092,1,0
2014-10-22T14:59:59.590,100.5010,25.8092,1,0
2014-10-22T15:14:59.590,100.5010,25.8092,1,0
2014-10-22T15:29:59.590,100.5010,25.8092,1,0
2014-10-22T15:44:59.590,100.5010,25.8092,1,0
2014-10-22T15:59:59.590,100.5010,25.8092,1,0
2014-10-22T16:14:59.590,100.5010,25.8092,1,0
2014-10-22T16:29:59.590,100.5010,25.8092,1,0
2014-10-22T16:44:59.590,100.5010,25.8092,1,0
2014-10-22T16:59:59.590,100.5010,25.8092,1,0
2014-10-22T17:14:59.590,100.5010,25.8092,1,0
2014-10-22T17:29:59.590,100.5010,25.8092,1,0
2014-10-22T17:44:59.590,100.5010,25.8092,1,0
2014-10-22T17:59:59.590,100.5010,25.8092,1,0
2014-10-22T18:14:59.590,100.5010,25.8092,1,0
2014-10-22T18:29:59.590,100.5010,25.8092,1,0
2014-10-22T18:44:59.590,100.5010,25.8092,1,0
2014-10-22T18:59:59.590,100.5010,25.8092,1,0
2014-10-24T13:59:59.590,100.5010,25.8092,1,0
2014-10-24T14:14:59.590,100.5010,25.8092,1,0
2014-10-24T14:29:59.590,100.5010,25.8092,1,0
2014-10-24T14:44:59.590,100.5010,25.8092,1,0
2014-10-24T14:59:59.590,100.5010,25.8092,1,0
2014-10-24T15:14:59.590,100.5010,25.8092,1,0
2014-10-24T15:29:59.590,100.5010,25.8092,1,0
2014-10-24T15:44:59.590,100.5010,25.8092,1,0
2014-10-24T15:59:59.590,100.5010,25.8092,1,0
2014-10-24T16:14:59.590,100.5010,25.8092,1,0
2014-10-24T16:29:59.590,100.5010,25.8092,1,0
2014-10-24T16:44:59.590,100.5010,25.8092,1,0
2014-10-24T16:59:59.590,100.5010,25.8092,1,0
2014-10-24T17:14:59.590,100.5010,25.8092,1,0
2014-10-24T17:29:59.590,100.5010,25.8092,1,0
2014-10-24T17:44:59.590,100.5010,25.8092,1,0
2014-10-24T17:59:59.590,100.5010,25.8092,1,0
2014-10-24T18:14:59.590,100.5010,25.8092,1,0
2014-10-24T18:29:59.590,100.5010,25.8092,1,0
2014-10-24T18:44:59.590,100.5010,25.8092,1,0
2014-10-24T18:59:59.590,100.5010,25.8092,1,0
2014-10-27T13:59:59.600,100.5010,25.8092,1,0
2014-10-27T14:14:59.590,100.5010,25.8092,1,0
2014-10-27T14:29:59.590,100.5010,25.8092,1,0
2014-10-27T14:44:59.600,100.5010,25.8092,1,0
2014-10-27T14:59:59.600,100.5010,25.8092,1,0
2014-10-27T15:14:59.590,100.5010,25.8092,1,0
2014-10-27T15:29:59.590,100.5010,25.8092,1,0
2014-10-27T15:44:59.590,100.5010,25.8092,1,0
2014-10-27T15:59:59.600,100.5010,25.8092,1,0
2014-10-27T16:14:59.600,100.5010,25.8092,1,0
2014-10-27T16:29:59.600,100.5010,25.8092,1,0
2014-10-27T16:44:59.600,100.5010,25.8092,1,0
2014-10-27T16:59:59.600,100.5010,25.8092,1,0
2014-10-27T17:14:59.600,100.5010,25.8092,1,0
2014-10-27T17:29:59.590,100.5010,25.8092,1,0
2014-10-27T17:44:59.590,100.5010,25.8092,1,0
2014-10-27T17:59:59.590,100.5010,25.8092,1,0
2014-10-27T18:14:59.590,100.5010,25.8092,1,0
2014-10-27T18:29:59.590,100.5010,25.8092,1,0
2014-10-27T18:44:59.590,100.5010,25.8092,1,0
2014-10-27T18:59:59.590,100.5010,25.8092,1,0
2014-10-29T13:59:59.590,100.5010,25.8092,1,0
2014-10-29T14:14:59.600,100.5010,25.8092,1,0
2014-10-29T14:29:59.590,100.5010,25.8092,1,0
2014-10-29T14:44:59.600,100.5010,25.8092,1,0
2014-10-29T14:59:59.600,100.5010,25.8092,1,0
2014-10-29T15:14:59.600,100.5010,25.8092,1,0
2014-10-29T15:29:59.590,100.5010,25.8092,1,0
2014-10-29T15:44:59.590,100.5010,25.8092,1,0
2014-10-29T15:59:59.600,100.5010,25.8092,1,0
2014-10-29T16:14:59.590,100.5010,25.8092,1,0
2014-10-29T16:29:59.590,100.5010,25.8092,1,0
2014-10-29T16:44:59.590,100.5010,25.8092,1,0
2014-10-29T16:59:59.600,100.5010,25.8092,1,0
2014-10-29T17:14:59.590,100.5010,25.8092,1,0
2014-10-29T17:29:59.590,100.5010,25.8092,1,0
2014-10-29T17:44:59.590,100.5010,25.8092,1,0
2014-10-29T17:59:59.590,100.5010,25.8092,1,0
2014-10-29T18:14:59.590,100.5010,25.8092,1,0
2014-10-29T18:29:59.590,100.5010,25.8092,1,0
2014-10-29T18:44:59.590,100.5010,25.8092,1,0
2014-10-29T18:59:59.590,100.5010,25.8092,1,0
2014-10-31T14:14:59.600,100.5010,25.8092,1,0
2014-10-31T14:29:59.590,100.5010,25.8092,1,0
2014-10-31T14:44:59.590,100.5010,25.8092,1,0
2014-10-31T14:59:59.590,100.5010,25.8092,1,0
2014-10-31T15:14:59.590,100.5010,25.8092,1,0
2014-10-31T15:29:59.590,100.5010,25.8092,1,0
2014-10-31T15:44:59.590,100.5010,25.8092,1,0
2014-10-31T15:59:59.590,100.5010,25.8092,1,0
2014-10-31T16:14:59.590,100.5010,25.8092,1,0
2014-10-31T16:29:59.590,100.5010,25.8092,1,0
2014-10-31T16:44:59.590,100.5010,25.8092,1,0
2014-10-31T16:59:59.590,100.5010,25.8092,1,0
2014-10-31T17:14:59.590,100.5010,25.8092,1,0
2014-10-31T17:29:59.590,100.5010,25.8092,1,0
2014-10-31T17:44:59.590,100.5010,25.8092,1,0
2014-10-31T17:59:59.590,100.5010,25.8092,1,0
2014-10-31T18:14:59.590,100.5010,25.8092,1,0
2014-10-31T18:29:59.590,100.5010,25.8092,1,0
2014-10-31T18:44:59.590,100.5010,25.8092,1,0
2014-10-31T18:59:59.590,100.5010,25.8092,1,0
2014-11-03T13:59:59.590,100.5010,25.8092,1,0
2014-11-03T14:14:59.600,100.5010,25.8092,1,0
2014-11-03T14:59:59.590,100.5010,25.8092,1,0
2014-11-03T15:29:59.590,100.5010,25.8092,1,0
